Week Start Date,Total Active Devs,Total Inactive Devs,Retention Rate (%)
2025-04-28,786,0,100.0
2025-05-05,786,0,100.0
2025-05-12,786,0,100.0
2025-05-19,786,0,100.0
2025-05-26,1044,65,91.73
2025-06-02,693,351,66.38
2025-06-09,668,25,96.39
2025-06-16,657,11,98.35
2025-06-23,654,3,99.54
2025-06-30,40123,2,99.69
2025-07-07,40096,27,99.93
2025-07-14,40096,0,100.0
2025-07-21,40095,1,100.0
2025-07-28,40088,7,99.98
2025-08-04,40086,2,100.0
